C14	ＮＨＫＥテレ１仙台	ＮＨＫＥテレ仙台	0	0	32481	32481	17416	1	0	1	2
C14	ＮＨＫＥテレ２仙台	ＮＨＫＥテレ仙台	0	0	32481	32481	17417	1	0	1	2
C14	ＮＨＫＥテレ３仙台	ＮＨＫＥテレ仙台	0	0	32481	32481	17418	1	0	1	2
C14	ＮＨＫ携帯２	ＮＨＫＥテレ仙台	0	0	32481	32481	17800	192	1	0	2
C15	ＮＨＫ総合１・仙台	ＮＨＫ総合・仙台	0	1	32480	32480	17408	1	0	1	3
C15	ＮＨＫ総合２・仙台	ＮＨＫ総合・仙台	0	1	32480	32480	17409	1	0	1	3
C15	ＮＨＫ携帯Ｇ・仙台	ＮＨＫ総合・仙台	0	1	32480	32480	17792	192	1	0	3
C16	ＴＢＣテレビ１	ＴＢＣテレビ	0	2	32482	32482	17424	1	0	1	1
C16	ＴＢＣテレビ２	ＴＢＣテレビ	0	2	32482	32482	17425	1	0	1	1
C16	Ｇガイド	ＴＢＣテレビ	0	2	32482	32482	17559	192	0	0	1
C16	ＴＢＣテレビ携帯	ＴＢＣテレビ	0	2	32482	32482	17808	192	1	0	1
C17	仙台放送	仙台放送	0	3	32483	32483	17432	1	0	1	8
C17	仙台放送	仙台放送	0	3	32483	32483	17433	1	0	1	8
C17	仙台放送　臨時	仙台放送	0	3	32483	32483	17439	161	0	0	8
C17	仙台放送	仙台放送	0	3	32483	32483	17816	192	1	0	8
C18	ミヤギテレビ１	ミヤギテレビ	0	4	32484	32484	17440	1	0	1	4
C18	ミヤギテレビ２	ミヤギテレビ	0	4	32484	32484	17441	1	0	1	4
C18	ミヤギテレビ臨時	ミヤギテレビ	0	4	32484	32484	17443	161	0	0	4
C18	ミヤギテレビ４	ミヤギテレビ	0	4	32484	32484	17824	192	1	0	4
C19	キャット・ヴィＣＨ	ＣＡＴ－Ｖ	0	5	32495	32495	17528	1	0	1	11
C19	キャット・ヴィＣＨ	ＣＡＴ－Ｖ	0	5	32495	32495	17529	1	0	1	11
C20	東日本放送ＣＨ１	ｋｈｂ東日本放送	0	6	32485	32485	17448	1	0	1	5
C20	東日本放送ＣＨ２	ｋｈｂ東日本放送	0	6	32485	32485	17449	1	0	1	5
C20	東日本放送ＣＨ３	ｋｈｂ東日本放送	0	6	32485	32485	17450	1	0	1	5
C20	東日本放送［携帯］	ｋｈｂ東日本放送	0	6	32485	32485	17832	192	1	0	5