BS朝日1	BS Digital	4	16400	151	1	0	1	1
BS朝日2	BS Digital	4	16400	152	1	0	1	1
BS朝日3	BS Digital	4	16400	153	1	0	1	1
BS朝日データ753	BS Digital	4	16400	753	192	0	0	0
BS朝日データ755	BS Digital	4	16400	755	192	0	0	0
BS朝日データ756	BS Digital	4	16400	756	192	0	0	0
BS朝日データ757	BS Digital	4	16400	757	192	0	0	0
BS-TBS	BS Digital	4	16401	161	1	0	1	1
BS-TBS	BS Digital	4	16401	162	1	0	1	1
BS-TBS	BS Digital	4	16401	163	1	0	1	1
BS-TBS	BS Digital	4	16401	169	161	0	0	0
BS-TBS	BS Digital	4	16401	766	192	0	0	0
Gガイド	BS Digital	4	16401	768	192	0	0	0
BSテレ東	BS Digital	4	16402	171	1	0	1	1
BSテレ東2	BS Digital	4	16402	172	1	0	1	1
BSテレ東3	BS Digital	4	16402	173	1	0	1	1
BSテレ東臨時	BS Digital	4	16402	179	161	0	0	0
777ch	BS Digital	4	16402	777	192	0	0	0
778ch	BS Digital	4	16402	778	192	0	0	0
WOWOWプライム	BS Digital	4	16432	191	1	0	1	1
ご案内チャンネル	BS Digital	4	16432	791	192	0	0	0
プレミアムナビ	BS Digital	4	16432	792	192	0	0	0
BS11イレブン	BS Digital	4	16528	211	1	0	1	1
BS12トゥエルビ	BS Digital	4	16530	222	1	0	1	1
BS日テレ	BS Digital	4	16592	141	1	0	1	1
BS日テレ	BS Digital	4	16592	142	1	0	1	1
BS日テレ	BS Digital	4	16592	143	1	0	1	1
BS日テレ臨時	BS Digital	4	16592	144	161	0	0	0
	BS Digital	4	16592	744	192	0	0	0
	BS Digital	4	16592	745	192	0	0	0
	BS Digital	4	16592	746	192	0	0	0
BSフジ・181	BS Digital	4	16593	181	1	0	1	1
BSフジ・182	BS Digital	4	16593	182	1	0	1	1
BSフジ・183	BS Digital	4	16593	183	1	0	1	1
BSフジ・188	BS Digital	4	16593	188	161	0	0	0
BSフジ・189	BS Digital	4	16593	189	161	0	0	0
BSフジ・780	BS Digital	4	16593	780	192	0	0	0
BSフジ・781	BS Digital	4	16593	781	192	0	0	0
NHK BS	BS Digital	4	16625	101	1	0	1	1
NHK BS	BS Digital	4	16625	102	1	0	1	1
-	BS Digital	4	16625	103	1	0	1	1
NHKデータ1	BS Digital	4	16625	700	192	0	0	0
NHKデータ2	BS Digital	4	16625	701	192	0	0	0
707チャンネル	BS Digital	4	16625	707	192	0	0	0
Dpaダウンロード	BS Digital	4	16625	929	164	0	0	0
BS10プレミアム	BS Digital	4	16626	201	1	0	1	1
BS10プレミアム	BS Digital	4	16626	800	192	0	0	0
WOWOWライブ	BS Digital	4	17488	192	1	0	1	1
WOWOWシネマ	BS Digital	4	17489	193	1	0	1	1
BSアニマックス	BS Digital	4	17969	236	1	0	1	1
BS釣りビジョン	BS Digital	4	17970	251	1	0	1	1
放送大学テレビ	BS Digital	4	18130	231	1	0	1	1
放送大学テレビ	BS Digital	4	18130	232	1	0	1	1
放送大学ラジオ	BS Digital	4	18130	531	2	0	0	0
J SPORTS 4	BS Digital	4	18224	245	1	0	1	1
スカパー！ガイド	BS Digital	4	18224	849	192	0	0	0
J SPORTS 1	BS Digital	4	18225	242	1	0	1	1
J SPORTS 2	BS Digital	4	18226	243	1	0	1	1
J SPORTS 3	BS Digital	4	18227	244	1	0	1	1
WOWOWプラス	BS Digital	4	18256	252	1	0	1	1
日本映画専門ch	BS Digital	4	18257	255	1	0	1	1
グリーンチャンネル	BS Digital	4	18258	234	1	0	1	1
ディズニーch	BS Digital	4	18288	256	1	0	1	1
BS10	BS Digital	4	18675	200	1	0	1	1
BSよしもと	BS Digital	4	18801	265	1	0	1	1
J:COM BS	BS Digital	4	18803	260	1	0	1	1
ＮＨＫ総合１・仙台	ＮＨＫ総合・仙台	32480	32480	17408	1	0	1	1
ＮＨＫ総合２・仙台	ＮＨＫ総合・仙台	32480	32480	17409	1	0	1	1
ＮＨＫ携帯Ｇ・仙台	ＮＨＫ総合・仙台	32480	32480	17792	192	1	0	0
ＮＨＫＥテレ１仙台	ＮＨＫＥテレ仙台	32481	32481	17416	1	0	1	1
ＮＨＫＥテレ２仙台	ＮＨＫＥテレ仙台	32481	32481	17417	1	0	1	1
ＮＨＫＥテレ３仙台	ＮＨＫＥテレ仙台	32481	32481	17418	1	0	1	1
ＮＨＫ携帯２	ＮＨＫＥテレ仙台	32481	32481	17800	192	1	0	0
ＴＢＣテレビ１	ＴＢＣテレビ	32482	32482	17424	1	0	1	1
ＴＢＣテレビ２	ＴＢＣテレビ	32482	32482	17425	1	0	1	1
Ｇガイド	ＴＢＣテレビ	32482	32482	17559	192	0	0	0
ＴＢＣテレビ携帯	ＴＢＣテレビ	32482	32482	17808	192	1	0	0
仙台放送	仙台放送	32483	32483	17432	1	0	1	1
仙台放送	仙台放送	32483	32483	17433	1	0	1	1
仙台放送　臨時	仙台放送	32483	32483	17439	161	0	0	0
仙台放送	仙台放送	32483	32483	17816	192	1	0	0
ミヤギテレビ１	ミヤギテレビ	32484	32484	17440	1	0	1	1
ミヤギテレビ２	ミヤギテレビ	32484	32484	17441	1	0	1	1
ミヤギテレビ臨時	ミヤギテレビ	32484	32484	17443	161	0	0	0
ミヤギテレビ４	ミヤギテレビ	32484	32484	17824	192	1	0	0
東日本放送ＣＨ１	ｋｈｂ東日本放送	32485	32485	17448	1	0	1	1
東日本放送ＣＨ２	ｋｈｂ東日本放送	32485	32485	17449	1	0	1	1
東日本放送ＣＨ３	ｋｈｂ東日本放送	32485	32485	17450	1	0	1	1
東日本放送［携帯］	ｋｈｂ東日本放送	32485	32485	17832	192	1	0	0
キャット・ヴィＣＨ	ＣＡＴ－Ｖ	32495	32495	17528	1	0	1	1
キャット・ヴィＣＨ	ＣＡＴ－Ｖ	32495	32495	17529	1	0	1	1